"Date","Time","Open","High","Low","Close","Vol","OI"
10/27/2023,16:00,414.19,414.60,409.21,410.68,107368271,0
10/30/2023,16:00,413.56,416.68,412.22,415.59,86568775,0
10/31/2023,16:00,416.18,418.53,414.21,418.20,79665172,0
11/01/2023,16:00,419.20,423.50,418.65,422.66,98068196,0
11/02/2023,16:00,426.58,430.92,426.56,430.76,94940712,0
11/03/2023,16:00,433.14,436.29,433.01,434.69,100168022,0
11/06/2023,16:00,435.47,436.15,433.68,435.69,67831814,0
11/07/2023,16:00,435.69,437.59,434.51,436.93,64256128,0
11/08/2023,16:00,437.55,438.09,434.87,437.25,61746154,0
11/09/2023,16:00,438.43,438.47,433.40,433.84,83174428,0
11/10/2023,16:00,435.98,440.93,433.83,440.61,89558494,0
11/13/2023,16:00,439.23,441.33,438.42,440.19,52236316,0
11/14/2023,16:00,446.32,450.06,446.09,448.73,97177980,0
11/15/2023,16:00,450.11,451.38,448.80,449.68,77328473,0
11/16/2023,16:00,449.22,450.56,448.12,450.23,66666779,0
11/17/2023,16:00,450.24,451.42,449.29,450.79,83193961,0
11/20/2023,16:00,450.53,455.13,450.52,454.26,70056050,0
11/21/2023,16:00,453.18,454.13,451.96,453.27,49244885,0
11/22/2023,16:00,454.98,456.38,453.89,455.02,59447113,0
11/24/2023,16:00,455.07,455.50,454.73,455.30,29738094,0
11/27/2023,16:00,454.65,455.49,454.08,454.48,50506665,0
11/28/2023,16:00,454.08,456.27,453.50,454.93,62115124,0
11/29/2023,16:00,457.15,458.32,454.20,454.61,63146095,0
11/30/2023,16:00,455.48,456.76,453.34,456.40,79753448,0
12/01/2023,16:00,455.77,459.65,455.16,459.10,89191985,0
12/04/2023,16:00,455.60,456.94,454.34,456.69,72431000,0
12/05/2023,16:00,455.26,457.59,454.87,456.60,69793495,0
12/06/2023,16:00,458.81,458.84,454.31,454.76,69125908,0
12/07/2023,16:00,456.91,458.90,456.29,458.23,67005550,0
12/08/2023,16:00,457.46,460.75,457.21,460.20,83195199,0
12/11/2023,16:00,459.69,462.17,459.47,461.99,65002707,0
12/12/2023,16:00,461.63,464.20,460.60,464.10,68327733,0
12/13/2023,16:00,464.49,470.76,464.12,470.50,93278951,0
12/14/2023,16:00,472.50,473.73,469.25,472.01,119027559,0
12/15/2023,16:00,469.49,470.70,468.44,469.33,141554000,0
12/18/2023,16:00,470.98,472.98,469.89,471.97,70375792,0
12/19/2023,16:00,472.53,474.92,472.45,474.84,55762040,0
12/20/2023,16:00,473.96,475.90,467.82,468.26,102924835,0
12/21/2023,16:00,471.33,472.98,468.84,472.70,86667547,0
12/22/2023,16:00,473.86,475.38,471.70,473.65,67160419,0
12/26/2023,16:00,474.07,476.58,473.99,475.65,55386972,0
12/27/2023,16:00,475.44,476.66,474.89,476.51,68006610,0
12/28/2023,16:00,476.88,477.55,476.26,476.69,77158761,0
12/29/2023,16:00,476.49,477.03,473.30,475.31,122289510,0
01/02/2024,16:00,472.16,473.67,470.49,472.65,123007832,0
01/03/2024,16:00,470.43,471.19,468.17,468.79,103585877,0
01/04/2024,16:00,468.30,470.96,467.05,467.28,84232642,0
01/05/2024,16:00,467.49,470.44,466.43,467.92,86119533,0
01/08/2024,16:00,468.43,474.75,468.30,474.60,74880048,0
01/09/2024,16:00,471.87,474.93,471.35,473.88,65931441,0
01/10/2024,16:00,474.16,477.45,473.87,476.56,67314651,0
01/11/2024,16:00,477.59,478.12,472.26,476.35,77941758,0
01/12/2024,16:00,477.84,478.60,475.23,476.68,58026865,0
01/16/2024,16:00,475.26,476.61,473.06,474.93,85015390,0
01/17/2024,16:00,471.82,472.79,469.87,472.29,68843924,0
01/18/2024,16:00,474.01,477.06,472.42,476.49,91860488,0
01/19/2024,16:00,477.65,482.72,476.54,482.43,110839923,0
01/22/2024,16:00,484.01,485.22,482.78,483.45,75845045,0
01/23/2024,16:00,484.01,485.11,482.89,484.86,49946424,0
01/24/2024,16:00,487.81,488.77,484.88,485.39,81765088,0
01/25/2024,16:00,487.58,488.31,485.39,488.03,72525116,0
01/26/2024,16:00,487.59,489.12,486.54,487.41,76643326,0
01/29/2024,16:00,487.73,491.42,487.17,491.27,61322916,0
01/30/2024,16:00,490.56,491.62,490.11,490.89,58618504,0
01/31/2024,16:00,488.62,489.08,482.86,482.88,126012052,0
02/01/2024,16:00,484.63,489.23,483.80,489.20,91892046,0
02/02/2024,16:00,489.65,496.05,489.30,494.35,99228437,0
02/05/2024,16:00,493.70,494.38,490.23,492.55,75757911,0
02/06/2024,16:00,493.52,494.32,492.05,493.98,55918808,0
02/07/2024,16:00,496.29,498.53,495.36,498.10,70556730,0
02/08/2024,16:00,498.10,498.71,497.26,498.32,52343788,0
02/09/2024,16:00,498.84,501.65,498.49,501.20,63979437,0
02/12/2024,16:00,501.17,503.50,500.24,500.98,56502506,0
02/13/2024,16:00,494.53,495.85,490.72,494.08,113099000,0
02/14/2024,16:00,496.79,499.07,494.40,498.57,68388764,0
02/15/2024,16:00,499.29,502.20,498.80,502.01,61683156,0
02/16/2024,16:00,501.70,502.87,498.75,499.51,75535138,0
02/20/2024,16:00,497.72,498.41,494.45,496.76,71736857,0
02/21/2024,16:00,495.42,497.37,493.56,497.21,59604468,0
02/22/2024,16:00,504.01,508.49,503.02,507.50,76402642,0
02/23/2024,16:00,509.27,510.13,507.10,507.85,61322833,0
02/26/2024,16:00,508.30,508.75,505.86,505.99,50386806,0
02/27/2024,16:00,506.70,507.16,504.75,506.93,48855063,0
02/28/2024,16:00,505.33,506.86,504.96,506.26,56507648,0
02/29/2024,16:00,508.07,509.74,505.35,508.08,83924946,0
03/01/2024,16:00,508.98,513.29,508.56,512.85,76844878,0
03/04/2024,16:00,512.03,514.20,512.00,512.30,49799502,0
03/05/2024,16:00,510.24,510.70,504.91,507.18,72855975,0
03/06/2024,16:00,510.55,512.07,508.42,509.75,68382378,0
03/07/2024,16:00,513.14,515.89,509.81,514.81,58652294,0
03/08/2024,16:00,515.46,518.22,511.13,511.72,86533898,0
03/11/2024,16:00,510.48,511.88,508.50,511.28,62558018,0
03/12/2024,16:00,513.45,517.38,510.86,516.78,73114492,0
03/13/2024,16:00,517.11,517.29,514.49,515.97,55104436,0
03/14/2024,16:00,516.97,517.13,511.82,514.95,110196172,0
03/15/2024,16:00,510.21,511.70,508.12,509.83,107646418,0
03/18/2024,16:00,514.00,515.48,512.44,512.86,88893352,0
03/19/2024,16:00,512.15,516.00,511.12,515.71,60755448,0
03/20/2024,16:00,515.77,520.62,515.08,520.48,69597534,0
03/21/2024,16:00,523.39,524.11,521.91,522.20,60257114,0
03/22/2024,16:00,522.11,522.61,520.97,521.21,79070883,0
03/25/2024,16:00,519.80,520.95,519.61,519.77,48512418,0
03/26/2024,16:00,521.23,521.58,518.40,518.81,65463884,0
03/27/2024,16:00,521.71,523.21,519.49,523.17,82999805,0
03/28/2024,16:00,523.21,524.61,522.78,523.07,96296621,0
04/01/2024,16:00,523.83,524.38,520.97,522.16,62477610,0
04/02/2024,16:00,518.24,518.98,516.48,518.84,74230616,0
04/03/2024,16:00,517.72,520.95,517.67,519.41,59156782,0
04/04/2024,16:00,523.52,523.87,512.76,513.07,96859849,0
04/05/2024,16:00,514.46,520.44,514.01,518.43,74546621,0
04/08/2024,16:00,519.15,520.18,517.89,518.72,48402995,0
04/09/2024,16:00,520.50,520.75,514.35,519.32,68124442,0
04/10/2024,16:00,513.48,516.16,512.09,514.12,82654820,0
04/11/2024,16:00,515.68,519.48,512.08,518.00,70099021,0
04/12/2024,16:00,514.37,515.82,509.08,510.85,92563158,0
04/15/2024,16:00,515.13,515.30,503.58,504.45,92102000,0
04/16/2024,16:00,504.94,506.50,502.21,503.53,73484044,0
04/17/2024,16:00,506.05,506.22,499.12,500.55,75910388,0
04/18/2024,16:00,501.98,504.13,498.56,499.52,74554916,0
04/19/2024,16:00,499.44,500.46,493.86,495.16,102212704,0
04/22/2024,16:00,497.83,502.38,495.43,499.72,67961308,0
04/23/2024,16:00,501.78,506.09,499.53,505.65,64633700,0
04/24/2024,16:00,506.56,507.37,503.13,505.41,55930333,0
04/25/2024,16:00,499.18,504.27,497.49,503.49,69123101,0
04/26/2024,16:00,506.35,509.88,505.70,508.26,64307256,0
04/29/2024,16:00,510.09,510.75,507.25,510.06,46415505,0
04/30/2024,16:00,508.56,509.56,501.98,501.98,77485041,0
05/01/2024,16:00,501.38,508.19,499.87,500.35,80242977,0
05/02/2024,16:00,504.15,505.89,499.55,505.03,62550794,0
05/03/2024,16:00,511.16,512.55,508.56,511.29,72757109,0
05/06/2024,16:00,513.75,516.61,513.30,516.57,47264747,0
05/07/2024,16:00,517.56,518.57,516.45,517.14,52561418,0
05/08/2024,16:00,515.26,517.74,515.14,517.19,42047219,0
05/09/2024,16:00,517.38,520.21,516.71,520.17,43643993,0
05/10/2024,16:00,521.81,522.64,519.59,520.84,52235398,0
05/13/2024,16:00,522.56,522.67,519.74,520.91,36716421,0
05/14/2024,16:00,521.11,523.83,520.56,523.30,57536395,0
05/15/2024,16:00,525.83,530.08,525.18,529.78,59505247,0
05/16/2024,16:00,529.88,531.52,528.54,528.69,50245880,0
05/17/2024,16:00,528.81,529.52,527.32,529.45,59187845,0
05/20/2024,16:00,529.57,531.56,529.17,530.06,37765781,0
05/21/2024,16:00,529.28,531.52,529.07,531.36,33437358,0
05/22/2024,16:00,530.65,531.38,527.60,529.83,48391246,0
05/23/2024,16:00,532.96,533.07,524.72,525.96,57211210,0
05/24/2024,16:00,527.85,530.27,526.88,529.44,41301441,0
05/28/2024,16:00,530.27,530.51,527.11,529.81,36299306,0
05/29/2024,16:00,525.68,527.31,525.37,526.10,45190545,0
05/30/2024,16:00,524.52,525.20,521.33,522.61,46468798,0
05/31/2024,16:00,523.59,527.50,518.36,527.37,90788723,0
06/03/2024,16:00,529.02,529.31,522.60,527.80,46835898,0
06/04/2024,16:00,526.46,529.15,524.96,528.39,34633270,0
06/05/2024,16:00,530.77,534.69,528.73,534.67,47610368,0
06/06/2024,16:00,534.98,535.42,532.68,534.66,30809211,0
06/07/2024,16:00,533.66,536.89,532.54,534.01,43224771,0
06/10/2024,16:00,533.18,535.99,532.57,535.66,35729481,0
06/11/2024,16:00,534.07,537.40,532.05,536.95,36383500,0
06/12/2024,16:00,541.63,544.12,540.30,541.36,63251464,0
06/13/2024,16:00,543.15,543.33,539.59,542.45,44761037,0
06/14/2024,16:00,540.88,542.81,539.85,542.78,40090639,0
06/17/2024,16:00,542.08,548.53,541.61,547.10,55839490,0
06/18/2024,16:00,547.16,548.62,546.73,548.49,41377600,0
06/20/2024,16:00,549.44,550.12,545.18,547.00,70330955,0
06/21/2024,16:00,544.40,545.65,543.02,544.51,64516808,0
06/24/2024,16:00,544.33,546.95,542.62,542.74,45528713,0
06/25/2024,16:00,543.99,545.20,542.44,544.83,38287808,0
06/26/2024,16:00,543.69,546.24,543.03,545.51,38551931,0
06/27/2024,16:00,545.37,546.96,544.61,546.37,35041548,0
06/28/2024,16:00,547.16,550.28,542.95,544.22,76146572,0
07/01/2024,16:00,545.63,545.88,542.52,545.34,40298908,0
07/02/2024,16:00,543.70,549.01,543.65,549.01,40435739,0
07/03/2024,16:00,548.69,551.83,548.65,551.46,32792165,0
07/05/2024,16:00,551.77,555.05,551.12,554.64,41489284,0
07/08/2024,16:00,555.44,556.25,554.19,555.28,36111750,0
07/09/2024,16:00,556.26,557.18,555.52,555.82,27314162,0
07/10/2024,16:00,557.07,561.67,556.77,561.32,38701595,0
07/11/2024,16:00,561.44,562.33,555.83,556.48,53054237,0
07/12/2024,16:00,557.63,563.67,557.15,559.99,53087862,0
07/15/2024,16:00,562.03,564.84,559.63,561.53,40584865,0
07/16/2024,16:00,562.87,565.16,562.10,564.86,36476691,0
07/17/2024,16:00,558.80,560.51,556.61,556.94,57119135,0
07/18/2024,16:00,558.51,559.52,550.43,552.66,56304827,0
07/19/2024,16:00,552.42,554.08,547.91,548.99,65511216,0
07/22/2024,16:00,553.00,555.27,551.02,554.65,43346906,0
07/23/2024,16:00,554.54,556.74,553.28,553.78,34440913,0
07/24/2024,16:00,548.86,549.17,540.29,541.23,74519177,0
07/25/2024,16:00,541.35,547.46,537.45,538.41,61158836,0
07/26/2024,16:00,542.28,547.19,541.49,544.44,53764430,0
07/29/2024,16:00,546.02,547.05,542.72,544.76,39519076,0
07/30/2024,16:00,546.26,547.34,538.52,542.00,46854067,0
07/31/2024,16:00,548.98,553.50,547.58,550.81,65663559,0
08/01/2024,16:00,552.57,554.87,539.43,543.01,76430040,0
08/02/2024,16:00,535.75,536.99,528.60,532.90,82847936,0
08/05/2024,16:00,511.64,523.58,510.27,517.38,146269527,0
08/06/2024,16:00,519.22,529.75,517.87,522.15,84829353,0
08/07/2024,16:00,528.47,531.59,518.05,518.66,70698917,0
08/08/2024,16:00,523.91,531.29,521.84,530.65,63276604,0
08/09/2024,16:00,529.81,534.51,528.56,532.99,45622644,0
08/12/2024,16:00,534.21,535.73,530.95,533.27,42543210,0
08/13/2024,16:00,536.53,542.28,536.28,542.04,52333266,0
08/14/2024,16:00,542.85,544.96,540.12,543.75,42447887,0
08/15/2024,16:00,549.50,553.36,548.88,553.07,60846908,0
08/16/2024,16:00,551.42,555.02,551.26,554.31,44430954,0
08/19/2024,16:00,554.73,559.61,553.86,559.61,39122273,0
08/20/2024,16:00,559.15,560.84,557.33,558.70,33732840,0
08/21/2024,16:00,559.77,562.11,557.99,560.62,41514800,0
08/22/2024,16:00,562.56,563.18,554.98,556.22,56122139,0
08/23/2024,16:00,559.53,563.09,557.29,562.13,50639824,0
08/26/2024,16:00,563.18,563.91,559.05,560.79,35789352,0
08/27/2024,16:00,559.49,562.06,558.32,561.56,32694522,0
08/28/2024,16:00,561.21,561.65,555.04,558.30,41067300,0
08/29/2024,16:00,560.31,563.68,557.18,558.35,38715204,0
08/30/2024,16:00,560.77,564.20,557.14,563.68,62701045,0
09/03/2024,16:00,560.47,560.81,549.51,552.08,60601675,0
09/04/2024,16:00,550.20,554.43,549.46,550.95,47225409,0
09/05/2024,16:00,550.89,553.80,547.10,549.61,44266064,0
09/06/2024,16:00,549.94,551.60,539.44,540.36,68497052,0
09/09/2024,16:00,544.65,547.71,542.68,546.41,40446465,0
09/10/2024,16:00,548.36,549.15,543.38,548.79,36395286,0
09/11/2024,16:00,548.70,555.36,539.96,554.42,75250081,0
09/12/2024,16:00,555.01,559.40,552.74,559.09,51893795,0
09/13/2024,16:00,559.71,563.03,559.45,562.01,39310680,0
09/16/2024,16:00,561.74,563.11,559.90,562.84,36658281,0
09/17/2024,16:00,565.10,566.58,560.80,563.07,49321054,0
09/18/2024,16:00,563.74,568.69,560.83,561.40,59047596,0
09/19/2024,16:00,571.01,572.88,568.08,570.98,75316519,0
09/20/2024,16:00,567.84,569.31,565.17,568.25,77503291,0
09/23/2024,16:00,569.34,570.33,568.10,569.67,44117690,0
09/24/2024,16:00,570.48,571.36,567.60,571.30,46807023,0
09/25/2024,16:00,571.14,571.89,568.91,570.04,38430538,0
09/26/2024,16:00,574.38,574.71,569.90,572.30,48336799,0
09/27/2024,16:00,573.39,574.22,570.42,571.47,42101900,0
09/30/2024,16:00,570.42,574.38,568.08,573.76,63657121,0
10/01/2024,16:00,573.40,574.06,566.00,568.62,72669036,0
10/02/2024,16:00,567.71,569.90,565.27,568.86,38100041,0
10/03/2024,16:00,567.36,569.80,565.49,567.82,40846617,0
10/04/2024,16:00,572.35,573.36,568.10,572.98,43007792,0
10/07/2024,16:00,571.30,571.96,566.63,567.80,49965231,0
10/08/2024,16:00,570.42,573.78,569.53,573.17,37399415,0
10/09/2024,16:00,573.16,577.71,572.55,577.14,37912603,0
10/10/2024,16:00,575.77,577.58,574.49,576.13,44140563,0
10/11/2024,16:00,576.05,580.33,575.91,579.58,42272053,0
10/14/2024,16:00,581.22,585.27,580.73,584.32,36217309,0
10/15/2024,16:00,584.59,584.90,578.55,579.78,54204072,0
10/16/2024,16:00,579.78,582.83,578.96,582.30,30727393,0
10/17/2024,16:00,585.91,586.12,582.16,582.35,34395476,0
10/18/2024,16:00,584.07,585.39,582.58,584.59,37416985,0
10/21/2024,16:00,583.85,584.85,580.60,583.63,36440157,0
10/22/2024,16:00,581.05,584.50,580.38,583.32,34184781,0
10/23/2024,16:00,581.26,581.71,574.42,577.99,49319829,0
10/24/2024,16:00,579.98,580.06,576.57,579.24,34980199,0
10/25/2024,16:00,581.51,584.46,578.08,579.04,47269488,0
10/28/2024,16:00,582.58,582.71,580.52,580.83,30176789,0
10/29/2024,16:00,579.85,582.91,578.43,581.77,42899784,0
10/30/2024,16:00,581.29,583.32,579.29,580.01,41437215,0
10/31/2024,16:00,575.56,575.63,568.44,568.64,60182648,0
11/01/2024,16:00,571.32,575.55,570.62,571.04,45668452,0
11/04/2024,16:00,571.18,572.50,567.89,569.81,38217618,0
11/05/2024,16:00,570.74,576.74,570.52,576.70,39483650,0
11/06/2024,16:00,589.20,591.93,585.39,591.04,68185119,0
11/07/2024,16:00,593.08,596.65,593.00,595.61,47233390,0
11/08/2024,16:00,596.17,599.64,596.17,598.19,46446560,0
11/11/2024,16:00,599.81,600.17,597.00,598.76,37588013,0
11/12/2024,16:00,598.68,599.29,594.37,596.90,43010932,0
11/13/2024,16:00,597.37,599.23,594.96,597.19,47389426,0
11/14/2024,16:00,597.32,597.81,592.65,593.35,38908641,0
11/15/2024,16:00,589.72,590.20,583.86,585.75,75991327,0
11/18/2024,16:00,586.22,589.49,585.34,588.15,37090050,0
11/19/2024,16:00,584.71,591.05,584.03,590.30,49412393,0
11/20/2024,16:00,590.38,590.79,584.63,590.50,50033844,0
11/21/2024,16:00,593.40,595.12,587.45,593.67,46750847,0
11/22/2024,16:00,593.66,596.15,593.15,595.51,38226743,0
11/25/2024,16:00,599.52,600.86,595.20,597.53,42441650,0
11/26/2024,16:00,598.80,601.33,598.07,600.65,45621632,0
11/27/2024,16:00,600.46,600.85,597.28,598.83,34001472,0
11/29/2024,16:00,599.66,603.35,599.38,602.55,30186192,0
12/02/2024,16:00,602.97,604.32,602.47,603.63,31746026,0
12/03/2024,16:00,603.39,604.16,602.34,603.91,26907602,0
12/04/2024,16:00,605.63,607.91,604.95,607.66,42787954,0
12/05/2024,16:00,607.66,608.48,606.31,606.66,28769926,0
12/06/2024,16:00,607.44,609.07,607.02,607.81,31242527,0
12/09/2024,16:00,607.69,607.86,604.08,604.68,34743058,0
12/10/2024,16:00,605.37,605.80,602.13,602.80,37234858,0
12/11/2024,16:00,605.78,608.44,605.50,607.46,28678190,0
12/12/2024,16:00,606.58,607.16,604.33,604.33,31544259,0
12/13/2024,16:00,606.40,607.13,602.81,604.21,35905600,0
12/16/2024,16:00,606.00,607.78,605.21,606.79,43696176,0
12/17/2024,16:00,604.19,605.17,602.89,604.29,55773599,0
12/18/2024,16:00,603.98,606.41,585.89,586.28,108249957,0
12/19/2024,16:00,591.36,593.00,585.85,586.10,85920160,0
12/20/2024,16:00,581.77,595.75,580.91,591.15,125719646,0
12/23/2024,16:00,590.89,595.30,587.66,594.69,57636281,0
12/24/2024,16:00,596.06,601.34,595.47,601.30,33170136,0
12/26/2024,16:00,599.50,602.48,598.08,601.34,41339655,0
12/27/2024,16:00,597.54,597.78,590.76,595.01,64973254,0
12/30/2024,16:00,587.89,591.74,584.41,588.22,56579118,0
12/31/2024,16:00,589.91,590.64,584.42,586.08,58465718,0
01/02/2025,16:00,589.39,591.13,580.50,584.64,50204552,0
01/03/2025,16:00,587.53,592.60,586.43,591.95,37888967,0
01/06/2025,16:00,596.27,599.70,593.60,595.36,47680059,0
01/07/2025,16:00,597.42,597.75,586.78,588.63,60396351,0
01/08/2025,16:00,588.70,590.58,585.20,589.49,47305798,0
01/10/2025,16:00,585.88,585.95,578.55,580.49,73109030,0
01/13/2025,16:00,575.77,581.75,575.35,581.39,47911214,0
01/14/2025,16:00,584.36,585.00,578.35,582.19,48421239,0
01/15/2025,16:00,590.33,593.94,589.20,592.78,56900338,0
01/16/2025,16:00,594.18,594.35,590.93,591.64,43323904,0
01/17/2025,16:00,596.96,599.36,595.61,597.58,58071143,0
01/21/2025,16:00,600.67,603.06,598.67,603.05,42533381,0
01/22/2025,16:00,605.92,607.82,605.36,606.44,48196335,0
01/23/2025,16:00,605.80,609.75,605.52,609.75,41152340,0
01/24/2025,16:00,609.81,610.78,606.80,607.97,34608066,0
01/27/2025,16:00,594.81,599.69,594.64,599.37,70361469,0
01/28/2025,16:00,600.62,605.37,597.25,604.52,44438300,0
01/29/2025,16:00,603.72,604.13,599.22,601.81,37180016,0
01/30/2025,16:00,603.96,606.60,600.72,605.04,39283082,0
01/31/2025,16:00,607.50,609.96,601.05,601.82,66678938,0
02/03/2025,16:00,592.67,600.29,590.49,597.77,65859357,0
02/04/2025,16:00,597.83,602.30,597.28,601.78,33457989,0
02/05/2025,16:00,600.64,604.37,598.58,604.22,30653342,0
02/06/2025,16:00,605.99,606.45,602.63,606.32,35771717,0
02/07/2025,16:00,606.89,608.13,600.05,600.77,50790192,0
02/10/2025,16:00,604.03,605.50,602.74,604.85,26048984,0
02/11/2025,16:00,602.55,605.86,602.43,605.31,30056997,0
02/12/2025,16:00,599.20,604.55,598.51,603.36,45077901,0
02/13/2025,16:00,604.48,609.94,603.20,609.73,40926100,0
02/14/2025,16:00,609.94,610.99,609.07,609.70,26911730,0
02/18/2025,16:00,610.88,611.49,608.38,611.49,26750243,0
02/19/2025,16:00,610.08,613.23,609.56,612.93,31011623,0
02/20/2025,16:00,611.54,611.68,607.02,610.38,36554203,0
02/21/2025,16:00,610.16,610.30,599.47,599.94,76521052,0
02/24/2025,16:00,602.02,603.03,596.49,597.21,50738492,0
02/25/2025,16:00,597.15,597.89,589.56,594.24,58266657,0
02/26/2025,16:00,595.93,599.58,591.86,594.54,43321767,0
02/27/2025,16:00,596.85,598.02,584.65,585.05,74197213,0
02/28/2025,16:00,585.56,594.72,582.44,594.18,88745841,0
03/03/2025,16:00,596.18,597.34,579.90,583.77,74249871,0
03/04/2025,16:00,579.71,585.39,572.25,576.86,109648782,0
03/05/2025,16:00,576.69,584.88,573.08,583.06,71237091,0
03/06/2025,16:00,575.48,580.17,570.12,572.71,80095324,0
03/07/2025,16:00,570.90,577.39,565.63,575.92,81159819,0
03/10/2025,16:00,567.59,569.54,555.59,560.58,99327020,0
03/11/2025,16:00,559.40,564.02,552.02,555.92,88102303,0
03/12/2025,16:00,562.17,563.11,553.69,558.87,69589362,0
03/13/2025,16:00,558.49,559.11,549.68,551.42,74080481,0
03/14/2025,16:00,556.11,563.83,551.49,562.81,62662675,0
03/17/2025,16:00,562.79,569.71,562.35,567.15,49008798,0
03/18/2025,16:00,564.80,565.02,559.06,561.02,66042628,0
03/19/2025,16:00,562.83,570.95,561.63,567.13,66556806,0
03/20/2025,16:00,563.33,570.57,562.60,565.49,62958664,0
03/21/2025,16:00,559.28,564.89,558.03,563.98,83773932,0
03/24/2025,16:00,570.80,575.15,570.20,574.08,58768171,0
03/25/2025,16:00,575.30,576.41,573.69,575.46,38355907,0
03/26/2025,16:00,575.19,576.33,567.19,568.59,52229115,0
03/27/2025,16:00,567.18,570.90,564.94,567.08,42168202,0
03/28/2025,16:00,565.53,566.27,555.07,555.66,71666064,0
03/31/2025,16:00,549.83,560.71,546.87,559.39,95331328,0
04/01/2025,16:00,557.45,562.94,553.68,560.97,54610317,0
04/02/2025,16:00,555.05,567.42,554.81,564.52,76018593,0
04/03/2025,16:00,545.11,547.97,536.70,536.70,125987604,0
04/04/2025,16:00,523.67,525.87,505.06,505.28,217978087,0
04/07/2025,16:00,489.19,523.17,481.80,504.38,256613711,0
04/08/2025,16:00,521.86,524.98,489.16,496.48,165833833,0
04/09/2025,16:00,493.44,548.62,493.05,548.62,241872639,0
04/10/2025,16:00,532.17,533.50,509.32,524.58,162332413,0
04/11/2025,16:00,523.01,536.43,520.07,533.94,97868378,0
04/14/2025,16:00,544.05,544.28,533.86,539.12,68036092,0
04/15/2025,16:00,539.68,543.23,536.81,537.61,56893776,0
04/16/2025,16:00,531.68,537.89,520.29,525.66,83487317,0
04/17/2025,16:00,527.64,531.17,523.91,526.41,79871129,0
04/21/2025,16:00,521.16,521.70,508.46,513.88,69369435,0
04/22/2025,16:00,520.14,529.31,519.19,527.25,75948930,0
04/23/2025,16:00,540.43,545.43,533.88,535.42,90590945,0
04/24/2025,16:00,536.72,547.43,535.45,546.69,64150834,0
04/25/2025,16:00,546.65,551.05,543.69,550.64,61120385,0
04/28/2025,16:00,551.39,553.55,545.02,550.85,47614669,0
04/29/2025,16:00,548.91,555.45,548.55,554.32,47776136,0
04/30/2025,16:00,547.57,556.52,541.52,554.54,93104034,0
05/01/2025,16:00,560.37,564.07,557.86,558.47,63186675,0
05/02/2025,16:00,564.73,568.38,562.38,566.76,60721425,0
05/05/2025,16:00,562.57,566.65,561.70,563.51,38660104,0
05/06/2025,16:00,557.93,563.35,556.96,558.80,48265515,0
05/07/2025,16:00,560.15,563.82,556.04,561.15,55735312,0
05/08/2025,16:00,565.24,570.31,561.70,565.06,65130920,0
05/09/2025,16:00,566.48,567.50,562.76,564.34,37615721,0
05/12/2025,16:00,581.47,583.00,577.04,582.99,78995741,0
05/13/2025,16:00,583.41,589.08,582.84,586.84,67947406,0
05/14/2025,16:00,587.81,588.98,585.54,587.59,66284700,0
05/15/2025,16:00,585.56,590.97,585.10,590.46,71269495,0
05/16/2025,16:00,591.25,594.50,589.28,594.20,76055594,0
05/19/2025,16:00,588.10,595.54,588.10,594.85,68170254,0
05/20/2025,16:00,593.09,594.05,589.60,592.85,60617498,0
05/21/2025,16:00,588.44,592.58,581.82,582.86,95198669,0
05/22/2025,16:00,582.66,586.62,581.41,583.09,70861515,0
05/23/2025,16:00,575.98,581.81,575.60,579.11,76034180,0
05/27/2025,16:00,586.07,591.31,578.43,591.15,72589716,0
05/28/2025,16:00,591.56,592.77,586.99,587.73,68450475,0
05/29/2025,16:00,593.06,593.20,586.07,590.05,70074414,0
05/30/2025,16:00,588.93,591.13,583.24,589.39,90603523,0
06/02/2025,16:00,587.76,592.79,585.06,592.71,61633502,0
06/03/2025,16:00,592.34,597.08,591.85,596.09,63606463,0
06/04/2025,16:00,596.96,597.95,595.49,595.93,57315636,0
06/05/2025,16:00,597.63,599.00,591.05,593.05,92443628,0
06/06/2025,16:00,598.66,600.83,596.86,599.14,66589650,0
06/09/2025,16:00,599.72,601.25,598.49,599.68,53018620,0
06/10/2025,16:00,600.22,603.47,599.09,603.08,66248090,0
06/11/2025,16:00,604.19,605.06,599.27,601.36,73660369,0
06/12/2025,16:00,600.01,603.75,599.52,603.75,64132755,0
06/13/2025,16:00,598.50,601.85,595.48,597.00,89508329,0
06/16/2025,16:00,600.40,604.45,600.22,602.68,79985551,0
06/17/2025,16:00,600.21,601.75,596.76,597.53,82209915,0
06/18/2025,16:00,598.44,601.22,596.47,597.44,76609892,0
06/20/2025,16:00,598.38,599.46,592.86,594.28,94055203,0
06/23/2025,16:00,595.04,600.54,591.89,600.15,87431862,0
06/24/2025,16:00,604.33,607.85,603.41,606.78,67735512,0
06/25/2025,16:00,607.91,608.61,605.54,607.12,62115564,0
06/26/2025,16:00,608.99,612.31,608.37,611.87,78550339,0
06/27/2025,16:00,612.88,616.39,610.83,614.91,86262218,0
06/30/2025,16:00,617.38,619.22,615.04,617.85,92505789,0
07/01/2025,16:00,616.36,618.83,615.52,617.65,70030367,0
07/02/2025,16:00,617.24,620.49,616.61,620.45,66513688,0
07/03/2025,16:00,622.45,626.28,622.43,625.34,51072797,0
07/07/2025,16:00,623.36,624.03,617.87,620.68,74815186,0
07/08/2025,16:00,621.35,622.11,619.52,620.34,59024895,0
07/09/2025,16:00,622.77,624.72,620.91,624.06,66113977,0
07/10/2025,16:00,624.20,626.87,623.01,625.82,57532870,0
07/11/2025,16:00,622.74,624.86,621.53,623.62,63670637,0
07/14/2025,16:00,623.16,625.16,621.80,624.81,51899583,0
07/15/2025,16:00,627.52,627.86,622.06,622.14,74317386,0
07/16/2025,16:00,623.74,624.73,618.05,624.22,88987693,0
07/17/2025,16:00,624.40,628.40,624.18,628.04,68885870,0
07/18/2025,16:00,629.30,629.47,626.46,627.58,65622093,0
07/21/2025,16:00,628.77,631.54,628.34,628.77,63376010,0
07/22/2025,16:00,629.10,629.73,626.19,628.86,60046621,0
07/23/2025,16:00,631.55,634.21,629.73,634.21,70512990,0
07/24/2025,16:00,634.60,636.15,633.99,634.42,71307376,0
07/25/2025,16:00,635.09,637.58,634.84,637.10,56865820,0
07/28/2025,16:00,637.48,638.04,635.54,636.94,54918618,0
07/29/2025,16:00,638.35,638.67,634.34,635.26,60557884,0
07/30/2025,16:00,635.92,637.68,631.54,634.46,80420979,0
07/31/2025,16:00,639.46,639.85,630.77,632.08,103387606,0
08/01/2025,16:00,626.30,626.34,619.29,621.72,140106417,0
08/04/2025,16:00,625.67,631.22,625.58,631.17,73220042,0
08/05/2025,16:00,631.79,632.61,627.04,627.97,68052271,0
08/06/2025,16:00,629.05,633.44,628.13,632.78,64359137,0
08/07/2025,16:00,636.24,636.98,629.11,632.25,74206561,0
08/08/2025,16:00,634.06,637.65,633.74,637.18,64056217,0
08/11/2025,16:00,637.46,638.95,634.66,635.92,58744537,0
08/12/2025,16:00,638.29,642.85,636.79,642.69,64822175,0
08/13/2025,16:00,644.91,646.19,642.68,644.89,60093006,0
08/14/2025,16:00,642.79,645.62,642.34,644.95,59327757,0
08/15/2025,16:00,645.99,646.09,642.52,643.44,68594544,0
08/18/2025,16:00,642.86,644.00,642.18,643.30,43805023,0
08/19/2025,16:00,643.12,644.11,638.48,639.81,69751508,0
08/20/2025,16:00,639.40,639.66,632.95,638.11,88891102,0
08/21/2025,16:00,636.28,637.97,633.81,635.55,54806160,0
08/22/2025,16:00,637.76,646.50,637.25,645.31,84083457,0
08/25/2025,16:00,644.04,645.29,642.35,642.47,51275083,0
08/26/2025,16:00,642.20,645.51,641.57,645.16,51582170,0
08/27/2025,16:00,644.57,647.37,644.42,646.63,48341631,0
08/28/2025,16:00,647.24,649.48,645.34,648.92,61520275,0
08/29/2025,16:00,647.47,647.84,643.14,645.05,74524646,0
09/02/2025,16:00,637.50,640.49,634.92,640.27,81983621,0
09/03/2025,16:00,642.67,644.21,640.46,643.74,70822514,0
09/04/2025,16:00,644.42,649.15,643.51,649.12,65219924,0
09/05/2025,16:00,651.48,652.21,643.33,647.24,85181094,0
09/08/2025,16:00,648.62,649.84,647.23,648.83,63133946,0
09/09/2025,16:00,648.97,650.86,647.22,650.33,66136837,0
09/10/2025,16:00,653.62,654.55,650.63,652.21,78035858,0
09/11/2025,16:00,654.18,658.33,653.59,657.63,69935530,0
09/12/2025,16:00,657.60,659.11,656.90,657.41,72783156,0
09/15/2025,16:00,659.64,661.04,659.34,660.91,63773827,0
09/16/2025,16:00,661.47,661.78,659.21,660.00,61169168,0
09/17/2025,16:00,660.01,661.72,654.30,659.18,101952832,0
09/18/2025,16:00,661.89,664.89,660.27,662.26,90460660,0
09/19/2025,16:00,662.33,664.55,660.37,663.70,97946711,0
09/22/2025,16:00,662.20,667.29,662.17,666.84,69454699,0
09/23/2025,16:00,666.72,667.34,661.98,663.21,81711173,0
09/24/2025,16:00,664.51,664.61,659.67,661.10,68082762,0
09/25/2025,16:00,657.94,659.41,654.41,658.05,89629504,0
09/26/2025,16:00,659.51,662.37,657.88,661.82,69180828,0
09/29/2025,16:00,664.36,665.28,661.86,663.68,73502487,0
09/30/2025,16:00,662.93,666.65,661.61,666.18,86290482,0
10/01/2025,16:00,663.17,669.37,663.06,668.45,72545647,0
10/02/2025,16:00,670.45,670.57,666.78,669.22,56900447,0
10/03/2025,16:00,669.99,672.68,668.16,669.21,70496017,0
10/06/2025,16:00,671.62,672.51,669.46,671.61,54623356,0
10/07/2025,16:00,672.54,672.99,667.67,669.12,72020691,0
10/08/2025,16:00,670.25,673.21,669.42,673.11,60702263,0
10/09/2025,16:00,673.53,673.94,669.21,671.16,66502149,0
10/10/2025,16:00,672.13,673.95,652.84,653.02,159425746,0
10/13/2025,16:00,660.65,665.13,659.77,663.04,79561716,0
10/14/2025,16:00,657.17,665.83,653.17,662.23,88781031,0
10/15/2025,16:00,666.82,670.23,658.93,665.17,81703817,0
10/16/2025,16:00,666.82,668.71,657.11,660.64,110568408,0
10/17/2025,16:00,659.50,665.76,658.14,664.39,96503161,0
10/20/2025,16:00,667.32,672.21,667.27,671.30,60493849,0
10/21/2025,16:00,671.44,672.99,669.98,671.29,56249561,0
10/22/2025,16:00,672.00,672.00,663.30,667.80,80564218,0
10/23/2025,16:00,668.12,672.71,667.80,671.76,65606857,0
10/24/2025,16:00,676.46,678.47,675.65,677.25,74367788,0
10/27/2025,16:00,682.73,685.54,682.12,685.24,63341013,0
10/28/2025,16:00,687.05,688.91,684.83,687.06,61739113,0
10/29/2025,16:00,688.72,689.70,682.87,687.39,85362427,0
10/30/2025,16:00,683.90,685.94,679.83,679.83,76336009,0
10/31/2025,16:00,685.04,685.08,679.24,682.06,87164122,0
11/03/2025,16:00,685.67,685.80,679.94,683.34,57335348,0
11/04/2025,16:00,676.11,679.96,674.58,675.24,78428132,0
11/05/2025,16:00,674.98,680.86,674.17,677.58,74403302,0
11/06/2025,16:00,676.47,677.38,668.72,670.31,85038056,0
11/07/2025,16:00,667.91,671.08,661.21,670.97,100594361,0
11/10/2025,16:00,677.24,682.18,675.03,681.44,75844616,0
11/11/2025,16:00,679.95,683.57,678.73,683.00,58954074,0
11/12/2025,16:00,684.79,684.96,680.95,683.38,62314239,0
11/13/2025,16:00,680.50,680.86,670.52,672.04,103459456,0
11/14/2025,16:00,665.38,675.66,663.27,671.93,96846886,0
11/17/2025,16:00,669.70,673.71,662.17,665.67,90456460,0
11/18/2025,16:00,662.10,665.12,655.86,660.08,114467763,0
11/19/2025,16:00,660.78,667.34,658.75,662.63,94704102,0
11/20/2025,16:00,672.91,675.56,651.89,652.53,165294985,0
11/21/2025,16:00,655.05,664.55,650.85,659.03,123957152,0
11/24/2025,16:00,662.69,670.06,661.59,668.73,80438201,0
11/25/2025,16:00,668.63,676.21,664.48,675.02,81078102,0
